1000
84 74 99
3 75 98
45 12 15
49 22 17
99 61 22
28 13 37
10 67 92
24 57 9
64 85 30
100 45 18
82 79 96
32 60 75
21 81 30
11 73 54
10 72 100
95 21 59
5 4 81
29 16 45
72 98 89
47 27 8
17 31 57
4 1 83
95 11 94
93 40 71
26 4 85
44 33 42
12 98 95
46 60 37
75 33 74
88 27 3
100 89 79
81 16 88
16 93 89
6 36 66
99 35 58
46 59 25
63 90 6
17 43 82
51 72 5
56 92 59
99 77 4
91 77 4
75 79 54
51 32 31
17 17 24
16 81 32
58 20 22
81 88 84
43 86 20
0 92 67
74 27 60
35 45 55
94 24 53
0 57 27
30 64 56
19 7 99
29 37 5
15 12 1
37 26 33
49 34 10
22 75 38
20 94 40
68 82 88
75 9 23
61 38 36
37 92 57
7 62 58
79 12 10
23 100 5
9 72 95
100 84 31
62 90 75
41 26 27
93 73 82
88 64 68
12 72 15
37 87 8
57 64 92
79 91 11
82 28 71
73 5 80
83 81 21
85 13 84
67 53 15
13 99 9
2 98 62
67 88 33
32 15 55
33 55 85
61 87 41
33 20 79
80 25 64
55 80 45
21 28 21
1 7 59
28 1 34
17 42 4
74 13 7
85 74 65
49 48 55
96 46 59
46 4 73
27 6 1
40 67 34
73 6 68
98 31 67
73 66 59
61 11 97
16 11 38
70 72 24
26 2 42
27 23 13
15 72 4
7 55 65
46 13 17
64 82 82
56 91 37
41 98 74
33 56 65
34 66 96
16 97 9
78 28 15
100 84 72
68 94 26
21 1 14
59 75 32
58 12 24
98 6 75
95 29 87
32 27 27
9 70 2
39 81 80
23 7 57
2 47 93
70 93 6
85 73 67
81 45 30
4 45 66
36 32 85
82 94 57
23 5 33
77 23 24
30 65 81
70 44 46
36 22 35
16 39 79
54 86 32
32 14 83
78 12 41
78 22 46
100 97 2
32 38 20
82 89 7
69 77 100
85 68 41
85 85 34
34 72 75
90 67 82
82 65 54
0 71 40
50 78 61
61 56 2
98 85 38
54 28 35
30 94 18
77 61 9
1 74 53
1 42 57
47 25 9
68 13 87
81 38 96
75 46 17
38 8 35
92 40 17
64 25 83
34 38 11
63 97 5
71 59 9
92 10 71
100 1 1
19 8 1
28 81 52
12 88 91
75 55 81
57 38 52
84 93 54
47 2 34
27 23 72
23 89 93
6 45 79
8 58 1
72 45 65
67 94 53
1 87 71
23 66 83
55 71 19
99 92 73
3 83 27
13 66 1
38 55 3
85 70 9
27 97 67
59 96 91
5 36 8
84 32 46
84 40 70
34 98 65
64 15 25
56 56 52
91 47 20
97 81 53
85 96 27
15 73 20
41 20 71
49 35 2
23 36 86
99 99 99
41 48 10
89 48 39
6 23 99
86 54 55
63 43 23
34 99 40
34 14 7
100 35 40
42 25 39
34 59 57
1 87 21
96 95 29
10 19 4
93 5 46
4 8 40
10 34 82
72 83 63
55 48 15
100 27 67
73 81 87
87 28 17
36 17 39
54 36 40
37 33 18
40 29 19
91 86 32
90 24 63
11 97 8
99 8 47
6 57 10
63 4 15
10 28 72
62 46 8
93 62 100
21 80 63
84 95 42
79 7 62
56 44 57
82 86 16
41 58 27
79 20 6
51 37 95
52 37 89
83 25 47
46 74 16
28 16 5
56 84 29
0 44 99
25 17 18
60 52 78
83 83 38
41 35 64
67 73 45
34 15 71
84 79 77
61 63 52
90 63 36
75 31 59
61 88 67
25 61 69
76 27 10
33 39 73
61 53 3
80 65 25
68 23 60
61 6 25
49 79 11
2 42 20
96 28 17
20 46 23
100 9 27
13 9 38
35 73 75
42 65 78
47 12 95
95 92 84
38 86 11
30 15 68
53 46 81
54 8 62
52 58 41
97 7 12
11 83 30
29 72 80
68 6 13
12 55 55
42 35 78
96 80 66
98 23 27
37 56 98
31 57 62
85 85 71
10 33 21
29 90 66
1 22 6
97 48 53
16 20 13
37 73 10
100 90 10
40 47 81
12 25 45
20 56 69
74 9 58
52 39 2
43 97 35
44 19 7
86 75 33
45 62 57
60 86 100
98 80 87
65 77 76
63 42 23
70 29 55
55 82 21
69 26 21
1 81 66
89 11 13
46 83 61
37 65 24
86 67 92
17 63 22
30 9 85
89 21 73
54 7 5
38 87 35
91 61 19
89 80 48
13 94 70
59 75 48
80 74 70
76 86 17
75 28 25
90 93 62
67 1 56
65 70 12
26 91 40
86 41 9
5 5 86
82 24 95
25 43 87
64 70 73
25 2 9
83 56 97
81 8 37
68 88 5
88 45 37
23 79 47
32 43 54
3 31 48
17 52 13
96 97 9
75 76 37
19 38 41
45 19 56
0 65 91
89 41 20
21 89 97
29 25 59
4 79 33
90 69 60
46 60 87
96 74 56
86 7 52
52 71 98
22 45 39
86 92 88
51 39 32
82 45 77
51 76 26
66 68 37
38 18 74
38 15 17
100 66 13
52 72 19
7 21 17
33 29 79
10 34 81
72 21 28
34 44 91
47 53 21
87 37 39
0 53 42
70 87 37
75 71 84
53 66 72
21 66 14
55 3 20
38 20 36
8 92 17
61 55 7
7 84 22
21 57 20
4 47 5
67 54 42
53 52 65
44 52 32
80 80 99
5 42 25
31 11 66
98 69 74
43 99 74
19 53 6
67 23 25
2 64 93
17 46 54
16 15 64
57 98 14
70 67 75
48 46 58
16 53 10
20 11 46
93 73 87
22 14 70
17 6 40
94 29 61
27 81 7
12 100 82
95 85 81
79 37 2
5 66 37
4 99 34
28 37 95
91 65 22
36 93 63
7 83 47
17 2 33
47 92 81
92 55 47
46 65 73
7 29 92
44 4 23
22 97 31
5 85 97
51 9 46
36 41 40
77 21 90
53 86 23
98 55 70
18 56 55
8 61 41
57 41 42
77 88 1
32 46 61
75 93 5
18 57 73
0 42 24
63 75 34
6 74 32
51 65 58
39 5 38
55 99 81
75 83 75
20 71 63
12 7 78
7 52 33
85 33 65
100 89 96
79 87 63
52 33 14
52 23 15
7 68 97
94 29 22
5 74 9
24 100 35
63 39 40
25 60 20
19 57 99
20 73 83
74 32 14
73 44 1
57 61 15
58 86 97
45 58 33
41 85 37
13 68 39
81 69 83
57 75 18
59 72 79
17 69 21
16 58 42
42 8 52
12 83 57
100 66 7
26 7 46
45 38 11
13 98 74
11 60 98
45 24 7
47 85 3
82 97 70
4 78 15
89 37 94
84 58 8
39 5 87
56 80 4
21 88 44
50 95 41
1 23 57
7 34 65
19 90 69
20 73 91
27 5 38
30 61 23
13 9 61
83 77 15
62 17 79
90 16 86
58 63 62
78 84 95
59 31 96
72 15 93
1 23 28
91 74 34
67 45 63
47 1 94
52 79 95
30 83 16
31 43 35
73 4 82
39 62 100
71 87 7
54 53 91
44 26 6
57 59 38
82 56 91
28 95 81
77 46 25
75 53 41
47 88 70
82 32 14
82 2 69
99 3 95
61 11 61
44 7 12
82 19 81
99 60 89
73 94 45
73 67 79
14 98 61
57 53 73
69 82 83
75 12 4
62 44 84
18 89 10
92 38 94
76 58 19
76 84 67
76 47 70
12 9 17
61 71 58
70 59 36
37 3 58
72 82 11
69 96 3
100 23 20
42 33 8
78 21 43
87 70 20
83 15 78
49 47 74
80 66 44
33 69 55
21 61 42
40 32 40
80 70 89
47 71 80
98 39 27
90 22 23
65 48 46
96 33 27
82 93 96
50 65 61
3 53 40
79 48 79
64 96 55
78 3 72
41 54 55
36 98 27
21 84 62
50 20 90
50 82 26
57 92 78
59 22 76
38 92 85
70 100 38
6 37 12
22 15 99
63 93 100
33 44 96
17 89 70
14 59 83
25 76 48
11 30 40
44 65 58
43 58 83
31 83 25
55 65 61
22 2 57
54 72 3
98 13 29
31 15 100
16 35 59
12 8 16
9 67 98
100 17 30
79 100 64
58 90 100
8 13 21
33 36 11
87 81 48
25 69 7
91 59 33
68 76 65
0 89 69
10 86 69
39 68 89
43 82 18
32 67 10
74 86 76
28 2 36
54 6 54
1 69 27
88 7 40
1 12 64
33 60 68
48 69 67
45 94 28
73 41 26
84 63 8
34 92 69
38 42 11
56 6 32
82 77 39
76 85 40
71 8 8
73 94 6
16 81 80
87 15 84
3 22 39
28 53 36
87 12 14
35 57 4
79 8 72
3 19 75
22 61 99
2 35 88
61 95 87
27 86 68
8 7 32
86 82 81
35 8 16
5 19 45
84 5 4
80 15 95
13 15 91
59 78 24
12 85 59
31 30 58
70 25 2
22 64 65
93 28 75
98 38 32
42 67 86
72 73 82
47 88 38
67 12 75
17 24 45
65 46 89
79 67 41
79 29 41
60 29 94
66 96 69
18 13 17
51 46 69
10 36 76
67 43 16
35 87 31
11 99 88
53 28 74
82 47 30
62 18 5
10 22 75
98 87 25
85 93 63
96 55 72
31 80 31
26 20 90
60 81 24
3 98 22
1 13 64
16 54 82
47 66 45
53 76 77
51 26 61
26 63 84
16 5 23
97 70 4
53 92 12
53 85 73
55 82 52
19 15 33
67 60 99
33 17 14
30 5 55
51 57 31
72 36 27
15 27 85
28 62 38
54 47 14
8 34 45
93 81 97
76 41 73
82 87 30
88 58 41
14 78 60
64 16 62
33 6 28
95 88 7
40 79 88
29 71 99
4 87 25
21 63 84
54 12 86
36 65 62
22 34 52
89 99 82
91 9 77
89 42 1
11 78 3
76 82 99
99 92 60
31 10 68
33 34 86
78 56 13
67 60 11
70 88 73
32 81 7
31 37 19
93 26 48
24 24 77
65 19 26
93 94 28
0 55 55
42 4 54
81 79 13
100 87 47
62 67 78
84 30 23
49 37 81
57 10 21
74 76 22
31 9 97
83 62 4
59 89 41
100 6 94
75 91 13
44 27 57
51 61 95
38 10 22
67 5 11
75 23 60
13 47 81
100 33 89
17 75 28
16 48 34
61 34 14
57 76 70
22 41 17
35 35 60
33 70 76
51 82 15
13 82 4
75 68 11
15 74 4
52 22 97
55 68 37
32 96 39
36 87 6
31 40 41
54 99 95
73 43 35
28 89 30
55 32 37
59 98 12
35 22 38
100 91 42
100 37 76
87 66 72
87 40 57
58 36 22
81 58 33
74 32 16
53 90 67
2 96 76
38 31 43
50 22 86
60 24 94
34 74 94
77 46 98
87 57 12
43 19 26
97 44 60
48 39 20
93 92 92
43 82 22
47 74 14
91 2 12
67 77 35
0 15 62
36 4 21
14 65 87
34 78 21
59 8 29
49 73 97
96 2 72
14 36 81
93 61 47
48 62 3
84 90 42
3 82 67
45 39 5
13 55 55
34 78 66
19 54 59
19 32 69
38 3 52
6 97 77
20 41 6
16 79 40
65 18 82
18 28 91
87 20 40
100 54 94
67 14 93
50 45 96
63 73 6
43 24 79
2 1 3
44 60 67
75 30 25
36 64 15
1 90 31
75 56 53
2 59 23
30 86 56
13 63 44
93 37 34
4 64 60
32 77 66
19 80 12
51 7 31
14 19 22
95 61 13
68 88 23
72 9 77
38 68 94
89 86 90
37 29 63
41 87 80
97 40 45
22 4 96
22 89 58
25 63 58
76 87 22
63 18 95
57 66 7
37 21 1
35 99 22
40 29 7
23 68 11
51 16 84
94 11 37
20 24 95
81 14 29
100 55 38
24 66 29
38 4 40
87 78 17
41 97 37
55 83 24
74 35 78
19 78 93
36 12 28
46 18 82
71 76 48
95 24 55
73 100 14
22 84 76
50 66 61
79 40 83
95 85 18
71 75 25
85 84 21
67 19 16
5 77 3
40 76 92
71 75 75
34 72 48
26 26 94
77 65 16
58 91 89
16 66 92
100 89 76
65 91 93
70 16 5
18 61 15
76 78 55
80 22 42
74 24 4
91 10 23
65 69 32
8 67 44
1 45 6
23 65 87
44 62 13
48 100 7
77 89 75
85 71 33
56 30 6
84 90 1
20 46 63
65 77 89
78 28 94
48 21 33
42 93 80
12 24 3
99 97 98
91 86 25
93 62 88
9 10 84
25 55 35
67 95 83
64 88 26
59 83 100
6 12 13
30 41 28
58 18 38
66 98 21
9 3 8
99 70 86
93 24 72
10 5 43
90 77 46
17 53 33
96 23 79
82 35 76
32 98 7
71 86 34
31 90 6
85 2 99
76 21 60
90 78 19
73 35 23
29 36 86
2 94 46
41 9 44
21 52 78
15 81 30
98 22 42
11 92 53
49 2 81
4 95 82
5 100 52
90 98 72
14 33 90
87 22 56
32 10 75
83 98 82
97 69 86
77 83 58
45 83 96
98 41 60
23 3 100
17 37 79
4 64 27
0 68 90
42 73 40
45 24 72
31 46 91
78 100 69
61 30 32
7 54 41
83 53 23
